0.00531906	0.00000000	0.00000000
1.41997614	1.41820238	1.41820238
0.00531926	0.00000000	2.83640454
1.41997614	1.41820238	4.25460571
0.00531926	2.83640454	0.00000000
1.41997614	4.25460571	1.41820238
0.00531937	2.83640454	2.83640454
1.41997614	4.25460571	4.25460571
2.83463042	0.00000000	0.00000000
4.24928665	1.41820244	1.41820244
2.83463070	0.00000000	2.83640454
4.24928665	1.41820244	4.25460565
2.83463070	2.83640454	0.00000000
4.24928665	4.25460565	1.41820244
2.83463060	2.83640454	2.83640454
4.24928665	4.25460565	4.25460565
