0.000000000	0.000000000	0.000000000
1.414656000	1.418202000	1.418202000
0.000000000	0.000000000	2.836403000
1.414656000	1.418202000	4.254605000
-0.007091000	2.836403000	0.000000000
1.407565000	4.254605000	1.418202000
-0.007091000	2.836403000	2.836403000
1.407565000	4.254605000	4.254605000
2.836403000	0.000000000	0.000000000
4.251060000	1.418202000	1.418202000
2.836403000	0.000000000	2.836403000
4.251060000	1.418202000	4.254605000
2.829313000	2.836403000	0.000000000
4.243969000	4.254605000	1.418202000
2.829313000	2.836403000	2.836403000
4.243969000	4.254605000	4.254605000
