0.00000000000	0.00531968210	0.00000000000
1.41820207770	1.41997623250	1.41820207770
0.00000000000	0.00531974600	2.83640454030
1.41820207770	1.41997623250	4.25460601230
0.00000000000	2.83463045250	0.00000000000
1.41820210950	4.24928623190	1.41820210950
0.00000000000	2.83463038770	2.83640454030
1.41820210950	4.24928623190	4.25460598050
2.83640454030	0.00531974600	0.00000000000
4.25460601230	1.41997623250	1.41820207770
2.83640454030	0.00531978700	2.83640454030
4.25460601230	1.41997623250	4.25460601230
2.83640454030	2.83463038770	0.00000000000
4.25460598050	4.24928623190	1.41820210950
2.83640454030	2.83463047470	2.83640454030
4.25460598050	4.24928623190	4.25460598050
