0.00000000000	0.00000000000	0.00531948130
1.41820215470	1.41820215470	1.41997571990
0.00000000000	0.00000000000	2.83463028920
1.41820217360	1.41820217860	4.24928703290
0.00000000010	2.83640454030	0.00531951040
1.41820215470	4.25460593530	1.41997571990
0.00000000020	2.83640454030	2.83463019730
1.41820217860	4.25460591140	4.24928703290
2.83640454030	0.00000000000	0.00531951040
4.25460593530	1.41820215470	1.41997571990
2.83640454030	0.00000000000	2.83463019730
4.25460591140	1.41820217860	4.24928703290
2.83640454030	2.83640454030	0.00531971910
4.25460593530	4.25460593530	1.41997571990
2.83640454030	2.83640454030	2.83463060510
4.25460591140	4.25460591140	4.24928703290
