0.000000000	0.000000000	0.000000000
1.421747000	1.418202000	1.418202000
0.000000000	0.000000000	2.836404000
1.421747000	1.418202000	4.254605000
0.000000000	2.836404000	0.000000000
1.421747000	4.254605000	1.418202000
0.000000000	2.836404000	2.836404000
1.421747000	4.254605000	4.254605000
2.843495000	0.000000000	0.000000000
4.265242000	1.418202000	1.418202000
2.843495000	0.000000000	2.836404000
4.265242000	1.418202000	4.254605000
2.843495000	2.836404000	0.000000000
4.265242000	4.254605000	1.418202000
2.843495000	2.836404000	2.836404000
4.265242000	4.254605000	4.254605000
