0.000000000	0.000000000	0.000000000
1.418202000	1.418202000	1.421747000
0.000000000	0.000000000	2.843495000
1.418202000	1.418202000	4.265242000
0.000000000	2.836404000	0.000000000
1.418202000	4.254605000	1.421747000
0.000000000	2.836404000	2.843495000
1.418202000	4.254605000	4.265242000
2.836404000	0.000000000	0.000000000
4.254605000	1.418202000	1.421747000
2.836404000	0.000000000	2.843495000
4.254605000	1.418202000	4.265242000
2.836404000	2.836404000	0.000000000
4.254605000	4.254605000	1.421747000
2.836404000	2.836404000	2.843495000
4.254605000	4.254605000	4.265242000
